2 0.689770 0.512846 0.039488 0.079642
2 0.763231 0.518326 0.065999 0.076900
2 0.625907 0.515727 0.029299 0.085608
2 0.589681 0.509541 0.032727 0.096443
2 0.488246 0.506838 0.034441 0.091519
2 0.556087 0.515384 0.032696 0.081677
2 0.439703 0.511098 0.053871 0.080651
2 0.517960 0.513767 0.024042 0.084707
2 0.376676 0.509354 0.040860 0.074112
2 0.805524 0.513333 0.044577 0.082790
2 0.824547 0.510501 0.071919 0.090790
2 0.282144 0.496153 0.046453 0.072452
2 0.900343 0.508882 0.070001 0.077266
2 0.650325 0.513647 0.047801 0.091844
2 0.943789 0.507497 0.070777 0.077542
2 0.272826 0.494944 0.064494 0.070427
2 0.349329 0.496853 0.060983 0.081379
