2 0.212892 0.562384 0.062232 0.113818
2 0.305123 0.563607 0.092589 0.130050
2 0.119602 0.564897 0.041845 0.128420
2 0.075359 0.565409 0.060282 0.125277
2 0.027867 0.568174 0.049073 0.117495
2 0.364902 0.563310 0.056091 0.126026
2 0.403968 0.563582 0.075394 0.116188
2 0.497296 0.552325 0.100462 0.107452
2 0.154336 0.565154 0.054165 0.131872
2 0.556169 0.552017 0.090620 0.102552
2 0.662878 0.540930 0.091380 0.108204
2 0.700940 0.546215 0.078211 0.083798
2 0.731749 0.538775 0.077523 0.087067
2 0.801421 0.539080 0.078781 0.076991
2 0.588839 0.549449 0.108397 0.105374
