2 0.967036 0.505362 0.065928 0.086099
2 0.746204 0.512965 0.096788 0.075565
1 0.488205 0.514610 0.060925 0.205363
1 0.405746 0.497754 0.024298 0.072669
1 0.755858 0.491541 0.060437 0.095181
2 0.084227 0.498130 0.101199 0.101937
0 0.024390 0.510698 0.024866 0.102052
0 0.050120 0.502734 0.021895 0.092588
0 0.017152 0.506353 0.019123 0.085760
0 0.837001 0.474552 0.026097 0.099364
0 0.833885 0.486158 0.028543 0.099588
2 0.858048 0.500030 0.149708 0.078120
2 0.722253 0.510640 0.076321 0.071476
1 0.170878 0.507943 0.022046 0.068999
