0 0.113430 0.518414 0.041806 0.120379
0 0.041127 0.528675 0.047540 0.144881
2 0.910737 0.605964 0.178525 0.261760
2 0.631790 0.551741 0.133510 0.109401
0 0.215427 0.510247 0.026819 0.101864
2 0.534065 0.528609 0.079533 0.082995
2 0.609515 0.548336 0.121678 0.102502
2 0.031820 0.530580 0.063640 0.075021
0 0.405696 0.504292 0.029446 0.086471
2 0.451257 0.509933 0.062052 0.066783
2 0.901824 0.525773 0.092144 0.102816
2 0.953125 0.524471 0.093751 0.102816
2 0.514131 0.523476 0.089606 0.082119
2 0.487793 0.518043 0.078794 0.074652
