1 0.351845 0.536878 0.053827 0.188606
1 0.466163 0.545532 0.062062 0.220415
1 0.393191 0.522235 0.027391 0.081586
1 0.567098 0.546652 0.065595 0.217369
3 0.274741 0.520015 0.057497 0.059429
3 0.645466 0.496539 0.130912 0.081749
0 0.846972 0.499975 0.022468 0.108095
0 0.877786 0.492690 0.023400 0.096916
0 0.916068 0.496833 0.029279 0.109676
0 0.010938 0.537195 0.021877 0.101603
0 0.016465 0.527941 0.027051 0.112508
0 0.516359 0.509279 0.023371 0.076583
0 0.538929 0.502534 0.030813 0.111158
2 0.497694 0.540984 0.031350 0.079034
