0 0.117468 0.521543 0.046788 0.138365
2 0.880641 0.584805 0.216839 0.222331
0 0.193993 0.515367 0.037079 0.129581
2 0.655671 0.544678 0.119238 0.122326
2 0.812166 0.576706 0.191784 0.177926
0 0.485957 0.509831 0.039632 0.100833
2 0.514594 0.516037 0.092634 0.081941
2 0.615319 0.538110 0.127729 0.113079
2 0.578846 0.527928 0.111882 0.091551
2 0.867364 0.584515 0.199514 0.216443
0 0.630680 0.500900 0.029778 0.105278
0 0.494632 0.507772 0.030489 0.093394
2 0.024270 0.538041 0.048539 0.065649
2 0.049794 0.534783 0.066614 0.062028
0 0.560233 0.498556 0.027947 0.107031
2 0.407197 0.512207 0.056979 0.067999
2 0.429942 0.511621 0.040565 0.076206
2 0.083967 0.531405 0.069406 0.060085
