2 0.806734 0.621471 0.168497 0.385584
0 0.117569 0.534269 0.057842 0.210584
0 0.599658 0.510281 0.046232 0.163496
2 0.699484 0.612416 0.119245 0.239179
0 0.569190 0.499860 0.033037 0.110693
0 0.166999 0.521654 0.029512 0.102838
0 0.205958 0.512671 0.034667 0.111645
2 0.039049 0.550438 0.078098 0.105625
2 0.064160 0.545760 0.098439 0.089860
0 0.315493 0.512713 0.020624 0.075904
0 0.302473 0.514748 0.019298 0.077686
2 0.647016 0.588915 0.160605 0.196725
2 0.611475 0.582349 0.148926 0.154331
2 0.546672 0.530112 0.103961 0.104919
