0 0.422816 0.522279 0.037426 0.149187
0 0.455823 0.522751 0.039056 0.147023
3 0.218896 0.510824 0.071338 0.075160
3 0.105097 0.521266 0.061820 0.060074
1 0.244154 0.513530 0.037606 0.122882
1 0.377736 0.511476 0.035625 0.122539
1 0.302107 0.506004 0.021228 0.070439
1 0.333584 0.504621 0.021076 0.069054
2 0.706787 0.546689 0.065414 0.110251
2 0.860889 0.544749 0.074687 0.130200
2 0.895712 0.549131 0.077433 0.120264
2 0.918014 0.547122 0.074504 0.116978
2 0.939425 0.545832 0.074622 0.117668
2 0.984955 0.536454 0.030091 0.106325
2 0.622432 0.508944 0.046278 0.060834
