1 0.499010 0.520546 0.053239 0.182449
1 0.432452 0.502316 0.026023 0.075122
0 0.798835 0.486005 0.027011 0.083270
0 0.759183 0.493017 0.024242 0.077920
1 0.710286 0.493602 0.047418 0.075391
0 0.124237 0.507346 0.021878 0.077246
2 0.914586 0.587760 0.170828 0.165338
2 0.840482 0.566543 0.171640 0.126417
2 0.952609 0.489607 0.064599 0.079719
2 0.693136 0.511222 0.077017 0.060205
2 0.018892 0.532828 0.037785 0.072095
2 0.070602 0.523651 0.054059 0.058959
2 0.173837 0.496581 0.073391 0.079524
2 0.866593 0.505829 0.070520 0.061385
2 0.782973 0.500745 0.092939 0.052385
