0 0.404171 0.499890 0.021964 0.074644
0 0.636602 0.515876 0.033308 0.168481
0 0.612642 0.523943 0.036972 0.170485
3 0.233672 0.523022 0.077359 0.084265
3 0.487333 0.493163 0.072862 0.063600
3 0.033122 0.543998 0.066244 0.125515
1 0.138697 0.521631 0.033374 0.115123
1 0.090255 0.524967 0.039777 0.102879
1 0.266647 0.532040 0.060082 0.186975
1 0.366468 0.529068 0.048449 0.162375
1 0.317605 0.515517 0.024868 0.080007
1 0.434242 0.530142 0.046544 0.158262
2 0.784033 0.428768 0.161050 0.172742
0 0.567299 0.495915 0.014687 0.071160
