0 0.113720 0.517178 0.031431 0.120833
0 0.902284 0.548381 0.111549 0.305955
0 0.726804 0.531900 0.075047 0.252194
1 0.373436 0.518782 0.103536 0.148897
2 0.707189 0.551448 0.084804 0.094428
2 0.969734 0.623118 0.059161 0.224298
2 0.785943 0.544024 0.068502 0.104163
2 0.882739 0.525538 0.056393 0.067875
2 0.219462 0.521646 0.100667 0.083926
2 0.328035 0.518162 0.074968 0.063191
2 0.975880 0.542473 0.048241 0.102227
2 0.956529 0.533328 0.086055 0.095617
0 0.295646 0.505773 0.024624 0.073062
0 0.275434 0.503553 0.020698 0.071332
