0 0.115652 0.530634 0.046788 0.138365
2 0.951745 0.626898 0.096510 0.288689
0 0.174418 0.529387 0.038596 0.146270
2 0.711015 0.559375 0.143083 0.156661
2 0.911539 0.600176 0.176921 0.250317
0 0.518531 0.518232 0.049902 0.114799
2 0.528690 0.521765 0.092814 0.084644
2 0.660402 0.552645 0.142218 0.133453
2 0.606811 0.539713 0.119731 0.109662
0 0.672331 0.499557 0.029778 0.105278
0 0.524979 0.517155 0.033732 0.098124
2 0.033307 0.546562 0.066614 0.065149
0 0.582424 0.507409 0.027947 0.107031
2 0.413061 0.519161 0.056979 0.067999
2 0.439569 0.523163 0.040565 0.080422
2 0.071254 0.543613 0.069406 0.060085
0 0.087818 0.524559 0.032049 0.111728
2 0.920873 0.606429 0.158253 0.261378
2 0.887616 0.583687 0.223965 0.215893
2 0.898579 0.587851 0.202841 0.233190
