0 0.479263 0.542360 0.040652 0.185271
0 0.521502 0.537600 0.048976 0.180992
3 0.233870 0.519305 0.068690 0.076698
3 0.111625 0.591797 0.223250 0.255840
1 0.301773 0.518772 0.035778 0.116981
1 0.266125 0.518169 0.031234 0.099881
1 0.442870 0.519376 0.036015 0.124253
1 0.332822 0.515625 0.021976 0.076456
1 0.367824 0.514841 0.022541 0.075995
2 0.932532 0.588034 0.117746 0.160086
2 0.562985 0.537645 0.040427 0.060461
2 0.844368 0.539027 0.049990 0.082955
2 0.637653 0.533541 0.032112 0.060620
2 0.924607 0.513687 0.042795 0.060055
2 0.727899 0.523415 0.058863 0.066263
