1 0.341442 0.532570 0.066433 0.191679
1 0.451858 0.535541 0.061637 0.200897
1 0.389875 0.515566 0.027383 0.079532
1 0.537042 0.536566 0.061102 0.200224
3 0.274811 0.516157 0.061139 0.062641
3 0.609371 0.488977 0.116229 0.074400
0 0.483003 0.500537 0.022552 0.075647
0 0.509594 0.498343 0.027083 0.099489
0 0.759615 0.494209 0.022452 0.092159
0 0.805845 0.490068 0.029442 0.088003
0 0.834349 0.491379 0.026111 0.092194
0 0.041891 0.527188 0.031173 0.092893
0 0.048292 0.520055 0.026720 0.100895
1 0.016698 0.539300 0.033395 0.118182
