1 0.308405 0.502923 0.034767 0.119993
0 0.453983 0.497789 0.032321 0.128805
0 0.474229 0.500721 0.037363 0.122620
1 0.326600 0.494754 0.028983 0.093668
0 0.815159 0.491782 0.053748 0.175287
0 0.837849 0.497462 0.037522 0.176996
2 0.905606 0.515642 0.048303 0.091808
2 0.774740 0.519808 0.118589 0.083159
2 0.664833 0.518524 0.039923 0.085097
2 0.702579 0.523400 0.038013 0.091775
2 0.580405 0.518899 0.144693 0.091596
2 0.991167 0.520012 0.017667 0.073059
0 0.357538 0.489297 0.028916 0.080332
1 0.434367 0.555412 0.098423 0.268369
0 0.208498 0.498859 0.041282 0.070902
