0 0.478015 0.496601 0.024414 0.088527
0 0.815065 0.534770 0.059292 0.249532
0 0.842493 0.522766 0.054395 0.245199
0 0.678821 0.493233 0.015534 0.081746
0 0.692417 0.494144 0.015393 0.077853
0 0.736776 0.489443 0.022338 0.085097
0 0.064298 0.516646 0.020678 0.092821
0 0.056527 0.520845 0.023118 0.088234
0 0.450922 0.499482 0.019235 0.070317
0 0.531767 0.500081 0.017695 0.069961
3 0.265844 0.516116 0.065915 0.070326
3 0.567949 0.491062 0.089724 0.069019
3 0.026798 0.553115 0.052550 0.150895
1 0.118445 0.525589 0.061507 0.118702
1 0.321536 0.530362 0.066483 0.190329
1 0.428155 0.532706 0.055681 0.180760
1 0.501550 0.532989 0.054617 0.179735
1 0.370956 0.513896 0.027866 0.081256
0 0.960866 0.514001 0.031905 0.095159
