2 0.946431 0.721587 0.105565 0.518332
0 0.114680 0.547251 0.071352 0.224277
0 0.671696 0.531011 0.050806 0.202090
2 0.785144 0.658603 0.134823 0.305859
0 0.626287 0.520023 0.037764 0.146458
0 0.168244 0.531035 0.031486 0.108514
0 0.207299 0.522267 0.033025 0.122813
2 0.031211 0.563970 0.062423 0.111563
2 0.050949 0.555701 0.101898 0.097640
0 0.329432 0.521383 0.021077 0.080434
0 0.315597 0.522612 0.020053 0.085614
2 0.737622 0.626262 0.220519 0.230322
2 0.679288 0.604558 0.192384 0.188194
2 0.575149 0.544807 0.109673 0.109338
2 0.221715 0.543336 0.167242 0.081848
0 0.964675 0.474862 0.060541 0.225494
2 0.889203 0.665586 0.125581 0.323669
