1 0.318650 0.496800 0.036013 0.116439
1 0.336134 0.487406 0.028983 0.092591
0 0.768822 0.485297 0.071530 0.162925
0 0.745853 0.480094 0.069249 0.164421
2 0.878378 0.498553 0.042340 0.084462
2 0.817088 0.501359 0.033807 0.082089
2 0.754109 0.503606 0.115496 0.085792
2 0.572438 0.503460 0.129108 0.085257
2 0.649761 0.505468 0.034209 0.080580
2 0.684974 0.501970 0.034405 0.083757
2 0.965571 0.504169 0.030013 0.069599
0 0.368788 0.480745 0.022068 0.077094
1 0.469571 0.554497 0.111778 0.312181
0 0.244686 0.489455 0.035698 0.072065
