0 0.115042 0.536576 0.047692 0.137800
0 0.155537 0.536932 0.042890 0.160678
2 0.793741 0.582989 0.178613 0.171621
0 0.561048 0.521462 0.049902 0.114799
2 0.545038 0.534174 0.092814 0.084644
2 0.712785 0.570935 0.162025 0.153260
2 0.637387 0.556413 0.119730 0.109662
0 0.729301 0.513946 0.038672 0.132338
0 0.560589 0.517160 0.033732 0.098124
2 0.024890 0.553977 0.049779 0.069541
0 0.605404 0.501264 0.027947 0.107031
2 0.423229 0.530982 0.063080 0.072829
2 0.453648 0.531854 0.046666 0.088557
2 0.043189 0.549216 0.069406 0.060085
0 0.066194 0.529580 0.040411 0.120203
2 0.955514 0.614398 0.088972 0.279084
2 0.775737 0.575175 0.166360 0.178150
