1 0.057184 0.532447 0.091458 0.126682
1 0.331207 0.537523 0.063915 0.190686
1 0.440498 0.540392 0.057912 0.192010
1 0.381880 0.517439 0.028250 0.079894
1 0.517479 0.539509 0.058618 0.187596
0 0.908305 0.547769 0.070840 0.292213
0 0.930844 0.534084 0.063112 0.290604
0 0.464297 0.504466 0.020847 0.073943
0 0.492962 0.500883 0.023453 0.094138
0 0.545587 0.504578 0.019436 0.078140
0 0.717832 0.499145 0.023458 0.092159
0 0.770689 0.495527 0.020717 0.091778
0 0.794412 0.494951 0.025104 0.087579
3 0.270504 0.520331 0.064807 0.064695
3 0.594906 0.495224 0.112270 0.071399
