1 0.296567 0.539616 0.034575 0.118215
0 0.436088 0.537992 0.035638 0.138201
0 0.467027 0.541614 0.038911 0.126765
1 0.311696 0.532387 0.029379 0.094438
0 0.918739 0.536236 0.057986 0.189023
0 0.890100 0.528957 0.039238 0.191335
2 0.944462 0.555529 0.036395 0.098561
2 0.824140 0.557067 0.173133 0.097152
2 0.591100 0.558903 0.154271 0.099329
2 0.678805 0.559128 0.046432 0.088964
2 0.726449 0.560746 0.040679 0.086226
0 0.341864 0.525481 0.018654 0.083114
1 0.398931 0.582289 0.086504 0.241524
0 0.165463 0.532785 0.053828 0.087574
