3 0.945627 0.554280 0.108077 0.213703
3 0.884419 0.526733 0.087613 0.088188
3 0.866664 0.513726 0.075428 0.079283
0 0.670705 0.519914 0.023992 0.119187
0 0.246500 0.529254 0.036599 0.120213
0 0.381959 0.527561 0.032185 0.110676
0 0.339177 0.529499 0.034604 0.110774
0 0.364740 0.515484 0.029438 0.118189
1 0.585166 0.521101 0.041517 0.100736
0 0.562027 0.509154 0.022150 0.070156
0 0.681983 0.522658 0.028470 0.110937
2 0.060959 0.532279 0.031135 0.064236
2 0.187962 0.535770 0.021567 0.063674
2 0.207643 0.536164 0.027258 0.062334
2 0.131180 0.536333 0.032075 0.060406
