1 0.175373 0.516500 0.034239 0.108427
1 0.109901 0.515332 0.030058 0.098587
1 0.432489 0.526526 0.037929 0.143852
1 0.331248 0.519040 0.030449 0.102099
1 0.381187 0.520326 0.033811 0.100840
3 0.040848 0.536221 0.081695 0.116070
3 0.262782 0.538762 0.131479 0.132724
3 0.014695 0.554979 0.029390 0.125678
3 0.178910 0.514366 0.061584 0.068374
3 0.071950 0.523354 0.058412 0.069619
0 0.370675 0.517617 0.020760 0.078024
2 0.721416 0.550386 0.034861 0.062854
2 0.892104 0.571897 0.071523 0.074574
2 0.824647 0.557523 0.057987 0.086713
2 0.945195 0.538057 0.049722 0.063897
