2 0.702444 0.434628 0.130257 0.135580
1 0.128574 0.522793 0.031877 0.109780
1 0.096981 0.523656 0.036409 0.103535
1 0.258414 0.534236 0.057088 0.184636
1 0.343186 0.528101 0.043094 0.154366
1 0.410306 0.529481 0.046544 0.153145
1 0.297266 0.517153 0.022997 0.076401
3 0.459709 0.494119 0.070035 0.061392
3 0.226170 0.526217 0.086191 0.088582
3 0.031496 0.543277 0.062993 0.119332
0 0.390901 0.498992 0.014594 0.069129
0 0.378533 0.501063 0.016291 0.073236
0 0.583221 0.512936 0.029475 0.146651
0 0.563801 0.520833 0.034842 0.148654
