0 0.654386 0.498032 0.015392 0.077853
0 0.642547 0.496446 0.015534 0.081746
0 0.455592 0.498444 0.024414 0.084496
0 0.764527 0.521657 0.044812 0.214426
0 0.738658 0.529099 0.053159 0.213117
3 0.258212 0.519894 0.069144 0.075804
3 0.032015 0.553657 0.062984 0.153905
3 0.544689 0.491825 0.085832 0.066099
1 0.144286 0.523088 0.042054 0.115046
1 0.302861 0.532373 0.068340 0.192828
1 0.411000 0.529603 0.052017 0.171719
1 0.478430 0.532023 0.060340 0.170574
1 0.353135 0.513377 0.024868 0.080006
2 0.954052 0.406499 0.091895 0.208611
0 0.701894 0.496107 0.022338 0.085096
0 0.065153 0.517064 0.017578 0.087009
0 0.058035 0.523217 0.022675 0.079099
0 0.428517 0.502542 0.018871 0.069181
0 0.907486 0.518242 0.031905 0.095159
