0 0.443505 0.522655 0.033017 0.123039
0 0.472235 0.521804 0.033042 0.122030
3 0.270691 0.515936 0.070991 0.075809
1 0.265519 0.520279 0.038737 0.131101
1 0.291642 0.515079 0.028476 0.105782
1 0.386383 0.518262 0.032719 0.117032
1 0.088222 0.534869 0.045168 0.100589
2 0.648434 0.542134 0.042625 0.075031
2 0.752324 0.540303 0.045670 0.085579
2 0.778517 0.539521 0.047446 0.083662
2 0.797226 0.539007 0.048246 0.082718
2 0.813500 0.538715 0.048149 0.083356
2 0.861258 0.539867 0.030479 0.073414
2 0.900948 0.535495 0.049166 0.080703
2 0.957597 0.528091 0.080013 0.084654
