2 0.889766 0.426672 0.202048 0.209535
1 0.147900 0.524699 0.038439 0.115046
1 0.065158 0.528810 0.054576 0.103649
1 0.286177 0.533876 0.063370 0.188874
1 0.389728 0.531583 0.049306 0.166071
1 0.455403 0.533244 0.053111 0.166056
1 0.335722 0.515793 0.024868 0.080007
3 0.516359 0.494771 0.079660 0.066099
3 0.032247 0.550152 0.064493 0.140835
3 0.246211 0.521907 0.072352 0.079146
0 0.603977 0.500026 0.015534 0.081746
0 0.429059 0.501306 0.021964 0.080996
0 0.694456 0.521183 0.035567 0.192237
0 0.673040 0.528450 0.047982 0.189541
0 0.615335 0.502467 0.015392 0.077853
