0 0.673391 0.486620 0.026851 0.080879
1 0.312256 0.492049 0.036104 0.107626
1 0.402534 0.489245 0.036920 0.124798
0 0.885335 0.491248 0.028494 0.090206
0 0.831125 0.490007 0.019489 0.082860
0 0.358090 0.498252 0.063755 0.208276
3 0.031670 0.491677 0.063340 0.137358
2 0.681344 0.516186 0.037616 0.075431
2 0.620629 0.514137 0.032822 0.074654
2 0.976320 0.517978 0.027982 0.076580
2 0.780839 0.521824 0.035843 0.070225
3 0.055014 0.488277 0.099988 0.090628
0 0.622928 0.490180 0.033165 0.103273
0 0.543085 0.480010 0.020113 0.078449
0 0.557140 0.482350 0.016417 0.073749
3 0.333472 0.447786 0.118138 0.099953
