0 0.657046 0.495234 0.023866 0.084148
1 0.371219 0.499458 0.034768 0.095198
0 0.959970 0.505750 0.022672 0.091993
0 0.895987 0.509262 0.022085 0.089953
0 0.567613 0.521599 0.088320 0.255679
3 0.024153 0.515293 0.048306 0.147313
2 0.845673 0.548435 0.054450 0.099553
2 0.781464 0.545752 0.055771 0.103838
2 0.959401 0.555421 0.053609 0.083371
3 0.061179 0.502026 0.122359 0.103017
0 0.802736 0.513679 0.043025 0.136217
1 0.448536 0.500814 0.037078 0.123528
3 0.096367 0.494711 0.107391 0.086962
0 0.670366 0.499770 0.017969 0.075168
3 0.395742 0.453749 0.120563 0.103133
