1 0.359676 0.503005 0.053325 0.155281
1 0.287166 0.475499 0.017929 0.070181
2 0.800272 0.542552 0.101726 0.122462
3 0.083154 0.506887 0.166308 0.215601
1 0.406361 0.495349 0.040872 0.143382
2 0.972591 0.579042 0.054818 0.117764
2 0.691672 0.530609 0.050645 0.125426
2 0.786322 0.572805 0.055849 0.148790
2 0.870682 0.514958 0.051199 0.075141
2 0.968152 0.507972 0.041721 0.085240
0 0.906019 0.488725 0.020776 0.088830
0 0.824330 0.484299 0.019360 0.077025
0 0.789147 0.484193 0.027129 0.070304
0 0.889632 0.492064 0.020252 0.084733
3 0.273779 0.440839 0.097708 0.078621
