0 0.628744 0.491898 0.020493 0.075368
1 0.358590 0.500580 0.036973 0.096581
0 0.942525 0.503045 0.021156 0.092466
0 0.882404 0.504645 0.024712 0.095262
0 0.520452 0.513646 0.094403 0.247336
3 0.028829 0.520035 0.057657 0.151559
2 0.800503 0.540589 0.051147 0.091275
2 0.735205 0.538692 0.048702 0.093240
2 0.910963 0.547918 0.048941 0.078211
3 0.064271 0.503148 0.111243 0.098054
0 0.750980 0.510237 0.041652 0.124415
2 0.970707 0.526015 0.058585 0.065708
1 0.440528 0.500571 0.039341 0.126889
3 0.094435 0.496863 0.107395 0.086466
0 0.639572 0.495283 0.015877 0.069517
3 0.389049 0.457532 0.128255 0.104212
