1 0.581241 0.516725 0.062222 0.169211
0 0.033139 0.491168 0.051705 0.183728
0 0.316919 0.478589 0.039170 0.112726
1 0.488417 0.488170 0.026380 0.077483
0 0.828519 0.506065 0.045382 0.132699
2 0.703921 0.517824 0.045282 0.075037
2 0.743907 0.519120 0.033877 0.070964
2 0.878801 0.533986 0.044355 0.077203
2 0.983417 0.535245 0.033165 0.095262
2 0.785983 0.530099 0.037923 0.063548
2 0.801755 0.530490 0.037623 0.062148
3 0.058095 0.481882 0.116189 0.107391
3 0.072530 0.477691 0.145061 0.092981
3 0.131762 0.474733 0.164830 0.061434
