0 0.649262 0.483358 0.023624 0.079822
1 0.307019 0.480721 0.037508 0.103038
1 0.396450 0.489289 0.036536 0.129683
0 0.874495 0.489973 0.022752 0.085555
0 0.825834 0.488369 0.020387 0.082860
0 0.319072 0.489342 0.063967 0.207408
3 0.032810 0.487163 0.065619 0.120823
2 0.654365 0.512506 0.033091 0.069598
2 0.600659 0.512516 0.031895 0.070884
2 0.935300 0.516011 0.023569 0.067234
2 0.748197 0.517430 0.034065 0.066096
3 0.053711 0.484714 0.093763 0.088683
0 0.593301 0.489971 0.027873 0.103710
0 0.527853 0.479317 0.023400 0.079943
0 0.541959 0.481996 0.016866 0.075716
3 0.323538 0.445712 0.116138 0.100347
