1 0.304885 0.493324 0.041594 0.112291
1 0.392400 0.491197 0.038100 0.132361
2 0.975237 0.585055 0.049525 0.205715
0 0.860893 0.488009 0.024490 0.085285
0 0.814315 0.488980 0.026301 0.080219
0 0.270590 0.482881 0.038698 0.196674
3 0.035780 0.489185 0.071561 0.117728
2 0.631559 0.509528 0.031414 0.064357
2 0.574362 0.508865 0.031695 0.064502
2 0.905441 0.513409 0.028597 0.068883
2 0.718082 0.511179 0.032576 0.065325
3 0.052931 0.485823 0.098084 0.083926
0 0.567468 0.485433 0.025002 0.088491
0 0.629138 0.480916 0.023321 0.076029
0 0.517548 0.477965 0.023400 0.079943
3 0.313798 0.450808 0.116138 0.100347
