0 0.354467 0.503084 0.016291 0.072060
0 0.536977 0.518261 0.027143 0.140821
0 0.521452 0.521787 0.030645 0.134081
3 0.215840 0.531364 0.094073 0.096463
3 0.029217 0.542846 0.058433 0.110313
1 0.117081 0.525706 0.031877 0.113102
1 0.088887 0.525175 0.029643 0.102627
1 0.257991 0.535412 0.057088 0.183050
1 0.388988 0.531260 0.046544 0.145332
1 0.322636 0.529576 0.043094 0.151627
0 0.365697 0.504834 0.014594 0.069129
3 0.430184 0.498686 0.070036 0.060046
2 0.634443 0.448267 0.117808 0.127429
1 0.280990 0.518722 0.022997 0.076401
