0 0.452352 0.513968 0.030444 0.115590
0 0.481052 0.515289 0.033135 0.114549
3 0.288704 0.511430 0.073065 0.073769
1 0.276813 0.515654 0.035421 0.131648
1 0.305001 0.510868 0.028665 0.104571
1 0.392441 0.511536 0.036418 0.118374
1 0.133096 0.528166 0.038115 0.088564
2 0.639805 0.526940 0.040335 0.071868
2 0.733144 0.527693 0.041339 0.079872
2 0.756688 0.526649 0.041632 0.077570
2 0.776085 0.526205 0.041078 0.077102
2 0.788832 0.525367 0.040866 0.077655
2 0.835085 0.524044 0.030390 0.072414
2 0.870105 0.523153 0.042024 0.073008
