3 0.062490 0.546427 0.124981 0.150066
1 0.322201 0.551446 0.156241 0.209479
2 0.828941 0.507469 0.043825 0.085561
2 0.887896 0.513100 0.057300 0.076755
2 0.776548 0.512546 0.030363 0.077581
2 0.742901 0.514802 0.032524 0.079654
2 0.648663 0.510627 0.035893 0.078728
2 0.707517 0.520101 0.032366 0.068664
2 0.604749 0.514941 0.044619 0.073612
2 0.671426 0.518344 0.019777 0.069836
2 0.550358 0.512760 0.037917 0.069191
2 0.921705 0.512487 0.042731 0.074384
2 0.949772 0.511960 0.052381 0.075717
2 0.461282 0.504046 0.043432 0.065239
2 0.791145 0.513964 0.038171 0.079063
2 0.528891 0.508346 0.061307 0.068338
