2 0.946826 0.617975 0.106348 0.258311
2 0.690283 0.596272 0.148338 0.302575
0 0.112022 0.539177 0.052342 0.192906
0 0.543276 0.522630 0.046232 0.163496
2 0.615962 0.593316 0.121919 0.199437
0 0.513749 0.509266 0.033037 0.110693
0 0.163864 0.526678 0.027861 0.092392
0 0.206157 0.517476 0.029448 0.103045
2 0.045833 0.556859 0.091665 0.083404
2 0.100680 0.556450 0.080895 0.064423
0 0.298906 0.516438 0.018156 0.072637
0 0.287183 0.516213 0.019298 0.077686
2 0.595934 0.577712 0.143827 0.172695
2 0.573636 0.562261 0.148926 0.154331
2 0.516632 0.535665 0.093310 0.087581
