0 0.112017 0.556118 0.088007 0.237662
0 0.159731 0.537425 0.034854 0.115395
0 0.205700 0.528240 0.037868 0.130938
0 0.322272 0.529962 0.020168 0.091258
0 0.338606 0.528504 0.023502 0.088758
0 0.762538 0.543618 0.089315 0.242298
0 0.681404 0.521550 0.058679 0.147574
2 0.910186 0.730850 0.179627 0.409071
2 0.840689 0.667704 0.261366 0.292390
2 0.763312 0.641912 0.250391 0.218697
2 0.623263 0.558263 0.137583 0.127345
2 0.577194 0.543437 0.095883 0.103312
2 0.042733 0.573337 0.085466 0.094394
2 0.019591 0.580780 0.039182 0.108604
2 0.255790 0.541650 0.060970 0.059250
