2 0.796034 0.521380 0.106495 0.089226
1 0.483156 0.516880 0.063633 0.216794
1 0.384909 0.500157 0.022753 0.075119
1 0.804858 0.487680 0.075613 0.095651
2 0.031422 0.500050 0.062844 0.123606
0 0.896588 0.480618 0.037347 0.128327
0 0.915469 0.486764 0.026856 0.122693
2 0.768343 0.518486 0.095514 0.078383
1 0.107597 0.516356 0.026146 0.086231
2 0.987872 0.514336 0.024255 0.071170
2 0.975694 0.511380 0.048612 0.070500
2 0.970729 0.505566 0.058541 0.079455
3 0.214370 0.511275 0.062191 0.066130
0 0.663362 0.489239 0.016802 0.070214
2 0.868061 0.506812 0.062224 0.064426
