0 0.512162 0.545702 0.044048 0.201789
0 0.555299 0.548267 0.052938 0.196034
3 0.240717 0.522508 0.068690 0.076698
3 0.135748 0.578208 0.271496 0.216939
1 0.315910 0.521555 0.035229 0.116966
1 0.273734 0.520579 0.029556 0.095990
1 0.457057 0.521694 0.032041 0.125672
1 0.347207 0.517401 0.026427 0.080169
1 0.384969 0.517068 0.021839 0.073851
2 0.601742 0.543821 0.043793 0.066933
2 0.912608 0.545265 0.056962 0.089927
2 0.679263 0.539546 0.034249 0.063825
2 0.979997 0.518173 0.040007 0.064586
2 0.776718 0.524917 0.063906 0.077820
