0 0.433817 0.526180 0.037426 0.158066
0 0.471624 0.526716 0.042792 0.151566
3 0.218477 0.514253 0.071558 0.074130
3 0.104778 0.523182 0.062606 0.060074
1 0.260735 0.514946 0.037606 0.120566
1 0.399434 0.512589 0.035625 0.122501
1 0.306157 0.509724 0.021228 0.073308
1 0.338310 0.508815 0.021269 0.070745
2 0.759793 0.555918 0.077158 0.128382
2 0.940483 0.555661 0.095534 0.147501
2 0.965900 0.547753 0.068199 0.127088
2 0.648780 0.512709 0.051543 0.061003
2 0.822837 0.503656 0.041410 0.060055
2 0.566403 0.521012 0.027880 0.058994
3 0.038509 0.619418 0.075600 0.220499
2 0.735302 0.525810 0.037659 0.075136
