1 0.079506 0.567681 0.159012 0.274119
2 0.762894 0.509538 0.039040 0.079081
2 0.828304 0.511205 0.061287 0.077752
2 0.702368 0.513084 0.033378 0.082421
2 0.666665 0.510697 0.033492 0.087519
2 0.569048 0.509396 0.034441 0.083870
2 0.636010 0.515018 0.039626 0.075621
2 0.526402 0.511267 0.048007 0.079057
2 0.598720 0.511831 0.025826 0.083751
2 0.468733 0.509912 0.040095 0.072518
2 0.865284 0.512317 0.042731 0.074384
2 0.899076 0.508199 0.061831 0.074203
2 0.377616 0.498903 0.045433 0.067991
2 0.959273 0.502355 0.068264 0.076180
2 0.724619 0.515174 0.043977 0.078458
2 0.441685 0.498858 0.062319 0.078037
