0 0.451893 0.536934 0.040652 0.168600
0 0.492583 0.534836 0.045864 0.169726
3 0.225033 0.521559 0.071045 0.076698
3 0.112777 0.526664 0.062606 0.060074
3 0.080186 0.609296 0.158955 0.312190
1 0.283721 0.519945 0.039896 0.120566
1 0.255905 0.518570 0.026516 0.098702
1 0.424279 0.519754 0.033185 0.123983
1 0.317289 0.515488 0.023264 0.075217
1 0.351647 0.516530 0.022542 0.073290
2 0.834507 0.571989 0.095969 0.148645
2 0.598409 0.532446 0.029897 0.060620
2 0.871866 0.514543 0.041410 0.060055
2 0.685473 0.522343 0.054433 0.063149
2 0.784648 0.537048 0.044504 0.077180
2 0.528511 0.533273 0.034227 0.060813
