0 0.435454 0.524321 0.032703 0.127116
0 0.462743 0.523475 0.033400 0.128238
1 0.251735 0.520898 0.039188 0.129174
1 0.276890 0.515523 0.026071 0.105559
1 0.378938 0.519598 0.033338 0.122094
1 0.045584 0.544911 0.044526 0.109917
3 0.248726 0.518628 0.070282 0.074170
2 0.660351 0.542961 0.047567 0.079469
2 0.777365 0.540668 0.054059 0.101521
2 0.805472 0.540007 0.052878 0.100678
2 0.825332 0.539013 0.056374 0.097170
2 0.843108 0.537604 0.054786 0.094743
2 0.896078 0.541692 0.039362 0.082680
2 0.938865 0.537893 0.055382 0.087571
2 0.977263 0.526708 0.045117 0.088752
