2 0.499663 0.525695 0.049660 0.087470
2 0.587521 0.525985 0.077660 0.100873
2 0.425759 0.531330 0.034899 0.093805
2 0.380889 0.524867 0.045062 0.109237
2 0.272056 0.520209 0.032995 0.100104
2 0.345788 0.529973 0.034280 0.093473
2 0.208860 0.520781 0.066173 0.095116
2 0.298723 0.524708 0.032340 0.105051
2 0.144068 0.517606 0.041213 0.086318
2 0.638831 0.529403 0.045436 0.094898
2 0.677172 0.525247 0.071919 0.090790
2 0.745710 0.519516 0.078469 0.087388
2 0.462478 0.527837 0.041541 0.105838
2 0.798431 0.521469 0.077357 0.083026
2 0.889813 0.509340 0.079088 0.095556
2 0.117551 0.506023 0.073298 0.089209
2 0.917817 0.511063 0.078211 0.083798
2 0.952135 0.507073 0.070231 0.084463
2 0.045784 0.502531 0.054637 0.080144
