2 0.976058 0.548527 0.047885 0.063897
2 0.945502 0.585944 0.083796 0.091607
2 0.865141 0.574893 0.070720 0.092458
2 0.744317 0.564409 0.039070 0.064733
1 0.145542 0.526133 0.032618 0.108427
1 0.091992 0.526571 0.031679 0.098081
1 0.416262 0.535620 0.039598 0.146205
1 0.311101 0.530055 0.031239 0.109011
1 0.365800 0.531484 0.035391 0.103526
3 0.052737 0.531998 0.058412 0.069619
3 0.024792 0.549433 0.049584 0.126977
3 0.240860 0.546362 0.127017 0.129122
3 0.164805 0.524315 0.058341 0.068374
2 0.806928 0.551137 0.048217 0.060272
