1 0.494575 0.514909 0.054029 0.191266
1 0.422525 0.497071 0.023452 0.073917
1 0.722199 0.493491 0.046909 0.082710
2 0.915975 0.581067 0.168049 0.151855
2 0.977531 0.493156 0.044939 0.073242
2 0.894628 0.501051 0.071244 0.068626
2 0.707991 0.508077 0.082150 0.065860
2 0.033655 0.522938 0.066369 0.062750
0 0.804028 0.480194 0.022268 0.091614
0 0.092780 0.505392 0.019628 0.087453
0 0.778414 0.486592 0.027493 0.083978
2 0.149683 0.495660 0.083573 0.087798
0 0.117348 0.500847 0.019955 0.081844
0 0.085541 0.500182 0.017513 0.068410
2 0.974089 0.628043 0.051821 0.172405
2 0.804494 0.497710 0.108364 0.065961
