2 0.765975 0.526428 0.098230 0.083614
1 0.484950 0.523748 0.063661 0.211282
1 0.395486 0.504778 0.024298 0.075833
1 0.773977 0.500265 0.070883 0.095651
2 0.051235 0.501520 0.102470 0.109875
0 0.864009 0.487441 0.028123 0.108929
0 0.869469 0.497501 0.037770 0.112250
2 0.738145 0.524323 0.088418 0.070847
1 0.140570 0.514624 0.022688 0.077586
2 0.977477 0.514492 0.045046 0.088791
2 0.963043 0.514645 0.065277 0.080296
2 0.949353 0.514233 0.075360 0.076206
2 0.939298 0.510926 0.076841 0.079117
3 0.238491 0.511029 0.055861 0.059764
0 0.633173 0.499569 0.018095 0.070214
2 0.842710 0.511696 0.062224 0.064426
