0 0.424171 0.522016 0.037426 0.137584
0 0.453644 0.523321 0.035330 0.135844
3 0.229216 0.513718 0.073989 0.074363
1 0.242675 0.516462 0.039299 0.124379
1 0.260864 0.510114 0.028580 0.103363
1 0.373503 0.514312 0.029725 0.120935
2 0.675919 0.540447 0.055595 0.097421
2 0.809231 0.538583 0.063084 0.115695
2 0.840114 0.541291 0.065090 0.108235
2 0.863935 0.539201 0.061999 0.104949
2 0.879751 0.537972 0.066361 0.103529
2 0.937390 0.540187 0.043480 0.094174
2 0.976549 0.535554 0.046901 0.090943
1 0.310424 0.507929 0.018534 0.069370
1 0.337219 0.507027 0.021076 0.069054
3 0.117406 0.522064 0.058418 0.059491
1 0.006711 0.555776 0.013423 0.115527
