2 0.607400 0.513296 0.045110 0.101550
2 0.683013 0.521968 0.072280 0.096036
2 0.539354 0.521929 0.036905 0.098836
2 0.504235 0.519105 0.040516 0.097457
2 0.385075 0.516376 0.034441 0.094874
2 0.465412 0.524290 0.036215 0.088003
2 0.334607 0.519805 0.059508 0.089039
2 0.413374 0.520947 0.032628 0.097573
2 0.270473 0.517780 0.036297 0.079145
2 0.728404 0.518464 0.045362 0.097020
2 0.762877 0.520920 0.071526 0.086374
2 0.172466 0.503098 0.049465 0.076720
2 0.831305 0.514494 0.077851 0.077266
2 0.567778 0.521067 0.041849 0.100938
2 0.962935 0.504627 0.074129 0.089276
2 0.877650 0.511174 0.070413 0.084246
2 0.163339 0.503775 0.064494 0.070427
2 0.238013 0.502260 0.060983 0.089309
