2 0.379563 0.534612 0.052493 0.105179
2 0.470383 0.541311 0.086565 0.103403
2 0.300884 0.539204 0.039351 0.115562
2 0.258795 0.536658 0.048705 0.115815
2 0.123086 0.536274 0.045948 0.106175
2 0.212888 0.545192 0.040757 0.101063
2 0.064169 0.533693 0.068602 0.106247
2 0.158287 0.538370 0.034364 0.114664
2 0.525043 0.535000 0.055556 0.116655
2 0.558764 0.534833 0.078395 0.111029
2 0.643751 0.525823 0.088993 0.099026
2 0.333855 0.541269 0.047613 0.114946
2 0.699350 0.528173 0.079381 0.088086
2 0.797403 0.515347 0.082327 0.099604
2 0.828922 0.518754 0.078211 0.083798
2 0.861509 0.513480 0.070231 0.084463
2 0.924856 0.512434 0.078781 0.076991
2 0.726337 0.519173 0.108397 0.105374
