3 0.908585 0.565999 0.182162 0.235296
3 0.801142 0.531571 0.092963 0.092920
3 0.777056 0.517436 0.074385 0.081843
0 0.590915 0.524088 0.032237 0.127579
0 0.137465 0.529837 0.031974 0.127851
0 0.284351 0.531500 0.033642 0.115310
0 0.241558 0.532188 0.031987 0.111495
0 0.271640 0.517273 0.030221 0.118919
1 0.455932 0.530449 0.044263 0.120176
0 0.469594 0.511042 0.023365 0.072993
0 0.606526 0.526938 0.020883 0.116493
2 0.073520 0.537314 0.023805 0.071395
2 0.093660 0.537908 0.027570 0.068740
2 0.016190 0.539040 0.032380 0.061661
