3 0.984118 0.530307 0.031095 0.169456
3 0.963599 0.520128 0.072802 0.087210
3 0.953662 0.508816 0.073470 0.075385
0 0.747167 0.514131 0.044217 0.111125
0 0.346796 0.521011 0.030908 0.115558
0 0.479274 0.519724 0.032144 0.109893
0 0.438977 0.519817 0.030700 0.107737
0 0.459441 0.508275 0.027846 0.113855
1 0.704292 0.510191 0.032732 0.087749
2 0.021749 0.537983 0.043497 0.067580
2 0.086478 0.518493 0.053759 0.062232
0 0.655886 0.502646 0.019419 0.069018
2 0.174916 0.523711 0.028560 0.058907
2 0.301975 0.526016 0.022797 0.060203
2 0.318568 0.526942 0.024573 0.060006
