3 0.149016 0.538710 0.132258 0.136294
1 0.503821 0.533831 0.123302 0.172842
2 0.874394 0.505527 0.046832 0.069943
2 0.926166 0.505410 0.054020 0.075730
2 0.819746 0.510926 0.030972 0.070747
2 0.790877 0.511739 0.034437 0.069972
2 0.698711 0.508937 0.032660 0.070334
2 0.758117 0.510982 0.032366 0.068664
2 0.661202 0.508201 0.044619 0.073612
2 0.724198 0.511765 0.020870 0.068128
2 0.608497 0.505631 0.043774 0.069191
2 0.957226 0.505289 0.044899 0.074384
2 0.981745 0.506599 0.036509 0.069998
2 0.834635 0.505880 0.038171 0.079063
