2 0.632124 0.538873 0.125985 0.130390
2 0.877506 0.600798 0.209073 0.219187
2 0.448827 0.533903 0.080477 0.099004
2 0.493397 0.543527 0.071529 0.132472
0 0.123890 0.550199 0.045850 0.160851
2 0.892830 0.607126 0.213869 0.226880
0 0.398883 0.514146 0.024960 0.087455
2 0.859475 0.592188 0.197002 0.202362
2 0.034563 0.546638 0.069126 0.084322
2 0.050499 0.540439 0.097668 0.081920
2 0.118571 0.532768 0.081832 0.071199
2 0.484775 0.536375 0.073291 0.119167
0 0.787128 0.523594 0.060305 0.200181
0 0.962031 0.511499 0.044604 0.201274
0 0.352840 0.509886 0.028241 0.073600
2 0.705779 0.556476 0.054177 0.104504
