0 0.078275 0.549670 0.101602 0.265984
0 0.128348 0.517890 0.040225 0.141334
0 0.181799 0.518077 0.043239 0.138567
0 0.311067 0.517176 0.030016 0.096927
0 0.325546 0.517298 0.028555 0.096046
0 0.853903 0.520746 0.079046 0.285082
0 0.700945 0.503732 0.044193 0.164526
2 0.905547 0.721103 0.188906 0.389961
2 0.845483 0.673194 0.309034 0.289344
2 0.634374 0.561659 0.165165 0.130311
2 0.591391 0.537177 0.126432 0.111468
2 0.043798 0.557666 0.087596 0.107709
2 0.019591 0.560541 0.039182 0.108604
2 0.236872 0.526502 0.064682 0.063890
