2 0.848697 0.518615 0.132672 0.125634
1 0.480968 0.523520 0.069247 0.225009
1 0.377955 0.504110 0.023196 0.072351
1 0.849603 0.488588 0.081761 0.100262
2 0.013864 0.512453 0.027727 0.130611
0 0.940761 0.482202 0.037327 0.145557
0 0.974557 0.488013 0.032548 0.138640
2 0.814478 0.519240 0.123148 0.100863
1 0.073494 0.527745 0.023308 0.096470
3 0.194833 0.518200 0.070455 0.073406
0 0.705211 0.491267 0.022457 0.072991
2 0.923631 0.511636 0.068891 0.065742
0 0.750906 0.489778 0.018435 0.069443
2 0.068556 0.532812 0.096329 0.057848
