2 0.888201 0.577322 0.223597 0.242537
2 0.617862 0.578707 0.133272 0.246080
0 0.103497 0.537375 0.054898 0.182258
0 0.488399 0.518579 0.042630 0.135667
2 0.568470 0.572750 0.109653 0.184542
0 0.466308 0.515200 0.031400 0.092277
0 0.162214 0.525510 0.027497 0.083719
0 0.201836 0.515125 0.029448 0.092119
2 0.048559 0.549380 0.091665 0.083404
2 0.103408 0.550206 0.080895 0.064423
0 0.280752 0.515996 0.017245 0.070361
0 0.271853 0.515565 0.017659 0.068809
2 0.560695 0.559035 0.142354 0.159803
2 0.539557 0.555250 0.142922 0.142732
