1 0.356564 0.501277 0.052213 0.141838
1 0.291286 0.473874 0.018214 0.068872
2 0.854141 0.551997 0.109422 0.117130
3 0.062402 0.525678 0.124804 0.292889
1 0.408865 0.492812 0.040872 0.143382
2 0.737214 0.535884 0.058362 0.131717
2 0.853383 0.593858 0.072937 0.148790
0 0.940758 0.488356 0.020906 0.093188
0 0.835373 0.483425 0.019360 0.077025
0 0.808153 0.483363 0.030640 0.071578
2 0.913517 0.505318 0.055368 0.063830
2 0.986058 0.516501 0.027884 0.085856
0 0.135579 0.478897 0.046106 0.146969
0 0.929909 0.487866 0.024824 0.082465
3 0.285019 0.441250 0.099738 0.083295
