1 0.340716 0.497325 0.054704 0.137334
2 0.893002 0.561620 0.123496 0.126473
3 0.020619 0.535172 0.041237 0.285412
1 0.399027 0.489721 0.037985 0.141577
2 0.771687 0.543513 0.056739 0.145191
2 0.900570 0.603813 0.071855 0.179407
0 0.959708 0.485870 0.021490 0.088595
0 0.839576 0.480717 0.020816 0.075205
0 0.809526 0.481316 0.020591 0.071951
2 0.944417 0.513647 0.051033 0.081715
0 0.138263 0.475648 0.031176 0.158975
2 0.855079 0.521665 0.077160 0.066237
3 0.050458 0.482559 0.096397 0.101338
0 0.950291 0.489515 0.025566 0.086508
0 0.572503 0.474893 0.020786 0.075258
3 0.285813 0.437586 0.100009 0.081987
