1 0.323179 0.496827 0.052446 0.134238
2 0.935282 0.547426 0.129435 0.163151
1 0.389985 0.490928 0.037911 0.136435
2 0.798016 0.553379 0.068737 0.158604
2 0.958871 0.622332 0.082258 0.210166
0 0.982754 0.485872 0.021426 0.087396
0 0.835069 0.479003 0.019418 0.075554
0 0.798104 0.483296 0.016332 0.068426
0 0.151073 0.478243 0.056642 0.163183
2 0.882790 0.518968 0.093417 0.077672
3 0.043004 0.483205 0.086008 0.101902
0 0.971166 0.488743 0.027431 0.081487
2 0.574388 0.502845 0.032430 0.068913
0 0.497889 0.480078 0.024418 0.081480
0 0.579055 0.479450 0.022329 0.077959
3 0.283571 0.439062 0.097132 0.079416
