0 0.582599 0.570390 0.144257 0.379987
1 0.346070 0.512549 0.062241 0.176689
1 0.262178 0.478164 0.021166 0.071629
0 0.020611 0.472899 0.022863 0.111264
0 0.911132 0.510451 0.041875 0.176238
2 0.843108 0.642435 0.211622 0.269417
2 0.951696 0.529844 0.057243 0.069264
2 0.667220 0.520584 0.068697 0.105405
2 0.631397 0.540485 0.040688 0.123832
2 0.840705 0.510681 0.039837 0.068142
3 0.118977 0.488424 0.134566 0.132246
1 0.365355 0.494644 0.039979 0.151226
2 0.755287 0.504462 0.041856 0.062421
3 0.221277 0.443323 0.102589 0.080692
