0 0.598763 0.489817 0.023503 0.081344
0 0.731462 0.497016 0.025492 0.084115
1 0.342805 0.499474 0.036997 0.099882
0 0.920373 0.495349 0.022723 0.088551
0 0.861570 0.497311 0.019858 0.082860
0 0.461330 0.510160 0.065243 0.235026
3 0.031377 0.509606 0.062754 0.146543
2 0.754498 0.537946 0.046692 0.087206
2 0.693027 0.537559 0.044642 0.098263
2 0.861493 0.537615 0.043227 0.076653
3 0.056252 0.500046 0.111113 0.095166
0 0.703981 0.507686 0.034746 0.116706
2 0.929505 0.524058 0.057410 0.060658
1 0.427816 0.499017 0.034225 0.121886
3 0.091000 0.490846 0.099788 0.080038
0 0.610579 0.492682 0.016555 0.072341
3 0.362129 0.450872 0.109676 0.096314
