1 0.311604 0.493785 0.047218 0.128792
2 0.961743 0.559326 0.076514 0.166681
1 0.387976 0.488376 0.038356 0.134202
2 0.848790 0.564648 0.082731 0.172143
0 0.843997 0.482053 0.018641 0.074259
0 0.800038 0.486916 0.018405 0.073286
0 0.189205 0.483261 0.074064 0.173861
2 0.904464 0.529667 0.099734 0.079929
3 0.039829 0.483103 0.079659 0.105505
0 0.991492 0.487100 0.017015 0.082431
2 0.586459 0.502315 0.029454 0.061354
2 0.539601 0.500921 0.032653 0.070838
3 0.057585 0.480131 0.081517 0.079445
0 0.515958 0.478491 0.023628 0.078120
0 0.591725 0.479153 0.022329 0.077960
3 0.288866 0.438968 0.097597 0.085714
