0 0.568520 0.482879 0.017669 0.077404
0 0.701054 0.492326 0.027408 0.084914
1 0.325600 0.496416 0.040720 0.104924
0 0.900840 0.491476 0.019504 0.082918
0 0.846731 0.493256 0.016961 0.082860
0 0.420284 0.505057 0.067147 0.221350
3 0.030286 0.497288 0.060572 0.135664
2 0.712454 0.526488 0.048867 0.085406
2 0.654487 0.525354 0.038273 0.087872
2 0.817001 0.531043 0.038148 0.072553
3 0.055516 0.494133 0.105505 0.093009
0 0.659579 0.496367 0.033375 0.103914
2 0.885008 0.517822 0.061594 0.060255
0 0.576937 0.488112 0.015469 0.070787
3 0.349794 0.452420 0.120091 0.103372
