1 0.554754 0.514138 0.057190 0.159926
0 0.262365 0.481644 0.037889 0.124662
1 0.440745 0.487329 0.028135 0.082787
0 0.790455 0.509341 0.045169 0.135029
2 0.668685 0.518459 0.050172 0.082094
2 0.713564 0.521154 0.035654 0.076483
2 0.859501 0.533249 0.040248 0.087129
2 0.980646 0.535245 0.038709 0.095262
2 0.757684 0.527099 0.039723 0.077047
2 0.781376 0.533076 0.050584 0.072201
3 0.022237 0.495174 0.044475 0.106899
3 0.037558 0.474816 0.075117 0.075941
3 0.075590 0.473729 0.151180 0.061707
3 0.190990 0.467864 0.120105 0.058899
