0 0.679405 0.494214 0.022218 0.084128
1 0.370395 0.500019 0.035254 0.091241
0 0.967547 0.507583 0.027908 0.101203
0 0.907982 0.510488 0.026404 0.091222
0 0.606259 0.531213 0.114867 0.270898
2 0.894488 0.560050 0.050977 0.111289
2 0.819161 0.561582 0.052884 0.120099
2 0.983518 0.559110 0.032964 0.085704
3 0.056680 0.504140 0.113359 0.109573
0 0.859258 0.530129 0.050008 0.179091
1 0.444583 0.504143 0.037203 0.120789
3 0.090132 0.497157 0.113322 0.090425
0 0.823307 0.501185 0.025492 0.091794
0 0.695044 0.498718 0.016551 0.077236
3 0.405474 0.454282 0.128701 0.099211
