1 0.307484 0.494154 0.042317 0.120507
1 0.391418 0.490300 0.037360 0.134113
2 0.915737 0.569979 0.083869 0.215849
0 0.853504 0.488259 0.026039 0.080099
0 0.809025 0.488195 0.026897 0.077273
0 0.226302 0.482115 0.058635 0.187796
2 0.948002 0.538730 0.099735 0.079929
3 0.037684 0.483691 0.075368 0.111239
2 0.610801 0.507766 0.029722 0.066044
2 0.557627 0.507857 0.029731 0.065904
2 0.876700 0.509175 0.031360 0.067768
2 0.695779 0.511908 0.029543 0.061772
3 0.058415 0.482900 0.081517 0.079445
0 0.542550 0.483918 0.025571 0.082449
0 0.610051 0.481659 0.022329 0.077959
0 0.508453 0.474509 0.023400 0.079943
3 0.301728 0.443651 0.110202 0.092334
